reference point


[自然，身体的疲労，精神的疲労]
[0.0,0.0,0.0,0.0,0.0,0.0,0.0,1.0,0.0,0.0,0.0,0.0]
[0.0,0.0,0.0,0.0,0.0,0.0,0.3,0.7,0.0,0.0,0.0,0.0]
[0.0,0.0,0.0,0.0,0.0,0.0,0.5,0.5,0.0,0.0,0.0,0.0]
[0.0,0.0,0.0,0.0,0.0,0.0,0.7,0.3,0.0,0.0,0.0,0.0]
[0.0,0.0,0.0,0.0,0.0,0.0,1.0,0.0,0.0,0.0,0.0,0.0]
[0.5,0.0,0.0,0.0,0.0,0.0,0.0,0.5,0.0,0.0,0.0,0.0]
[0.5,0.0,0.0,0.0,0.0,0.0,0.5,0.0,0.0,0.0,0.0,0.0]



58, 23, 13, 51, 47, 31, 43, 45, 53, 58 mental
58, 55, 51, 47, 54, 19, 45, 23, 43, 58
58, 23, 56, 47, 34, 49, 54, 51, 32, 58
58, 51, 47, 56, 23, 49, 34, 45, 1, 58
58, 23, 53, 55, 49, 46, 47, 43, 13, 58

58, 13, 53, 46, 34, 47, 56, 54, 58 phy
58, 13, 45, 47, 52, 51, 53, 43, 23, 58
58, 12, 46, 54, 51, 45, 34, 47, 2, 58


文化と身体的疲労 [0, 0.5, 0.5, 0]
200個体
100gen
最良個体 [[58, 13, 53, 19, 17, 54, 1, 27, 58], 197, 67, 94]
評価値（正規化済） (0.275, 0.5869565217391305, 0.32692307692307687, 0.28846153846153844)
評価値（絶対値） (5.5, 13.5, 17.5, 18.5)

最良個体 [[58, 45, 13, 15, 1, 54, 27, 58], 197, 87, 100]
評価値（正規化済） (0.13157894736842105, 0.22916666666666666, 0.31481481481481477, 0.21153846153846156)
評価値（絶対値） (2.5, 5.5, 18.5, 20.5)

150gen
最良個体 [[58, 54, 1, 15, 29, 13, 27, 58], 197, 87, 150] ほぼ最短
評価値（正規化済） (0.07692307692307693, 0.22916666666666666, 0.28846153846153844, 0.21153846153846156)
評価値（絶対値） (1.5, 5.5, 18.5, 20.5)

最良個体 [[58, 13, 1, 17, 38, 19, 54, 27, 58], 195, 80, 147]
評価値（正規化済） (0.23076923076923078, 0.6739130434782609, 0.42000000000000004, 0.40384615384615385)
評価値（絶対値） (4.5, 15.5, 14.5, 15.5)

300gen
最良個体 [[58, 27, 13, 1, 15, 54, 17, 19, 58], 197, 82, 295]　ほぼ最短
評価値（正規化済） (0.125, 0.5208333333333334, 0.35185185185185186, 0.31481481481481477)
評価値（絶対値） (2.5, 12.5, 17.5, 18.5)

最良個体 [[58, 13, 19, 54, 17, 53, 1, 27, 58], 197, 67, 293] ほぼ最短
評価値（正規化済） (0.275, 0.574468085106383, 0.35185185185185186, 0.31481481481481477)
評価値（絶対値） (5.5, 13.5, 17.5, 18.5)

最良個体 [[58, 1, 53, 54, 17, 19, 13, 27, 58], 197, 67, 294] ほぼ最短
評価値（正規化済） (0.275, 0.5869565217391305, 0.30000000000000004, 0.28846153846153844)
評価値（絶対値） (5.5, 13.5, 17.5, 18.5)


文化と精神的疲労[0, 0.5, 0, 0.5]
200個体
100gen
最良個体 [[58, 13, 19, 54, 38, 17, 55, 1, 27, 58], 196, 66, 97] ほぼ最短
評価値（正規化済） (0.4, 0.782608695652174, 0.42307692307692313, 0.42307692307692313)
評価値（絶対値） (8.0, 18.0, 15.0, 15.0)

最良個体 [[58, 1, 55, 17, 3, 38, 54, 19, 27, 58], 197, 82, 93]　ほぼ最短
評価値（正規化済） (0.34210526315789475, 0.6458333333333334, 0.38888888888888884, 0.40384615384615385)
評価値（絶対値） (6.5, 15.5, 16.5, 15.5)

最良個体 [[58, 27, 1, 17, 19, 13, 54, 55, 58], 197, 82, 89]
評価値（正規化済） (0.23684210526315788, 0.5869565217391305, 0.3653846153846154, 0.3653846153846154)
評価値（絶対値） (4.5, 13.5, 16.5, 16.5)

150gen
最良個体 [[58, 19, 17, 55, 54, 38, 1, 13, 27, 58], 197, 67, 146]　ほぼ最短
評価値（正規化済） (0.38461538461538464, 0.7291666666666666, 0.40384615384615385, 0.40384615384615385)
評価値（絶対値） (7.5, 17.5, 15.5, 15.5)

最良個体 [[58, 1, 53, 17, 54, 19, 38, 27, 58], 197, 82, 148]
評価値（正規化済） (0.28205128205128205, 0.5, 0.30000000000000004, 0.32692307692307687)
評価値（絶対値） (5.5, 11.5, 17.5, 17.5)

最良個体 [[58, 1, 19, 27, 53, 17, 55, 54, 58], 197, 82, 142]
評価値（正規化済） (0.325, 0.45652173913043476, 0.31481481481481477, 0.35185185185185186)
評価値（絶対値） (6.5, 10.5, 18.5, 17.5)

300gen
最良個体 [[58, 27, 1, 17, 55, 54, 43, 19, 58], 196, 66, 295]　ほぼ最短
評価値（正規化済） (0.35, 0.625, 0.40740740740740744, 0.4444444444444444)
評価値（絶対値） (7.0, 15.0, 16.0, 15.0)

最良個体 [[58, 13, 19, 1, 55, 17, 54, 27, 58], 188, 73, 300] 最短
評価値（正規化済） (0.45, 0.7659574468085106, 0.5555555555555556, 0.5555555555555556)
評価値（絶対値） (9.0, 18.0, 12.0, 12.0)

最良個体 [[58, 1, 54, 55, 17, 19, 27, 58], 147, 62, 293] ほぼ最短
評価値（正規化済） (0.0, 0.13043478260869565, 0.12, 0.1923076923076923)
評価値（絶対値） (0, 3, 22, 21)